1321
1325
2007
2008
2011
2017
2018
3000
3001
3002
3003
3004
3005
3006
3007
3008
4000
4001
4002
4003
4004
4005
4006
4007
4008
4009
4010
4011
4100
4101
4102
4103
4104
4105
4106
4107
4108
4200
4201
4202
4203
4204
4205
4206
4207
5000
5001
5002
5003
5004
5100
5102
5105
5107
5110
5113
5200
5201
5203
5205
5205 u
5300
5300 u
5303
5303 u
5305
5305 u
5306
5306 u
5307
5307 u
5308
5308 u
5309
5309 u
5310
5310 u
5402
5402 u
5402 ur
5403
5500
5500 r
5500 u
5500 ur
5506
5506 u
5507
5507 u
5601
5601 u
6000 u
6100 u
6210 u
6300 u
6400 u
6402 u
6403 u
6500 u
6502 u
6600 u
6601 u
